0 0.23  0.3  32 2e-07 0.5847808105872623
0 0.23  0.3  32 2e-06 0.6786590351594439
0 0.23  0.3  32 2e-05 0.7393831023692444
0 0.23  0.3  64 2e-07 0.5533625730994152
0 0.23  0.3  64 2e-06 0.6666666666666666
0 0.23  0.3  64 2e-05 0.696
0 0.23  0.3  128 2e-07 0.5342878673700076
0 0.23  0.3  128 2e-06 0.6796805678793256
0 0.23  0.3  128 2e-05 0.7151403589507592
0 0.23  0.3  256 2e-07 0.5222011385199241
0 0.23  0.3  256 2e-06 0.6304973284011508
0 0.23  0.3  256 2e-05 0.6698440207972269
0 0.23  0.3  32 0.0002 0.9248346361996391
0 0.23  0.3  32 0.0002 0.8638838475499093
0 0.23  0.3  32 0.0002 0.3786381358237374
0 0.23  0.3  32 0.0002 0.3786381358237374
0 0.23  0.3  32 0.0002 0.7314984709480122
0 0.23  0.3  32 0.0002 0.7101851851851853
0 0.23  0.3  32 0.0002 0.3786381358237374
0 0.23  0.3  32 0.0002 0.8684957426679281
0 0.23  0.3  32 0.01 0
0 0.23  0.3  32 0.001 0.8553459119496856
0 0.23  0.3  32 0.0001 0.8741721854304635
0 0.23  0.3  32 1e-05 0.8526989935956083
0 0.23  0.3  64 0.01 0
0 0.23  0.3  32 0.01 0
0 0.23  0.3  32 0.001 0.8553459119496856
0 0.23  0.3  32 0.0001 0.8741721854304635
0 0.23  0.3  32 0.01 0
0 0.23  0.3  32 0.001 0.8553459119496856
0 0.23  0.3  32 0.0001 0.8741721854304635
0 0.23  0.3  32 1e-05 0.8526989935956083
0 0.23  0.3  64 0.01 0
0 0.23  0.3  64 0.001 0.8611369990680335
0 0.23  0.3  64 0.0001 0.8547486033519553
0 0.23  0.3  64 1e-05 0.8467023172905527
0 0.23  0.3  128 0.01 0.8501469147894222
0 0.23  0.3  128 0.001 0.8664799253034546
0 0.23  0.3  128 0.0001 0.8682464454976303
0 0.23  0.3  128 1e-05 0.8362305580969808
0 0.23  0.3  256 0.01 0.8217716115261473
0 0.23  0.3  256 0.001 0.8596491228070177
0 0.23  0.3  256 0.0001 0.85546875
0 0.23  0.3  256 1e-05 0.7984934086629003
0 0.23  0.3  32 0.0001 0.8754208754208755
0 0.23  0.3  32 0.01 0.8814390842191333
0 0.23  0.3  32 0.001 0.8768971332209106
0 0.23  0.3  32 0.0001 0.8678021086780211
0 0.23  0.3  32 1e-05 0.8482871125611745
0 0.23  0.3  64 0.01 0.8745819397993311
0 0.23  0.3  64 0.001 0.8814691151919867
0 0.23  0.3  64 0.0001 0.8742714404662781
0 0.23  0.3  64 1e-05 0.765990639625585
0 0.23  0.3  128 0.01 0.8863070539419088
0 0.23  0.3  128 0.001 0.8794679966749792
0 0.23  0.3  128 0.0001 0.87
0 0.23  0.3  128 1e-05 0.7013452914798207
0 0.23  0.3  256 0.01 0.8799283154121863
0 0.23  0.3  256 0.001 0.882661996497373
0 0.23  0.3  256 0.0001 0.8707964601769912
0 0.23  0.3  256 1e-05 0.6678733031674208
0 0.23  0.3  128 0.001 0.9119999999999999
0 0.23  0.3  128 0.001 0.9119999999999999
1 0.23  0.3  128 0.001 0.8718381112984822
2 0.23  0.3  128 0.001 0.8747300215982721
3 0.23  0.3  128 0.001 0.9450354609929078
4 0.23  0.3  128 0.001 0.8624933119315142
0 0.23  0.3  128 0.001 0.8430769230769232
1 0.23  0.3  128 0.001 0.8833619210977701
2 0.23  0.3  128 0.001 0.9009990917347864
3 0.23  0.3  128 0.001 0.8165680473372782
4 0.23  0.3  128 0.001 0.8977035490605427
